2 676 640 -64.0116
4 218 488 -173.362
16 716 467 -179.461
18 660 160 -226.634
19 774 176 -140.47
20 662 141 -268.4
21 1412 360 -120.924
22 714 632 -269.344
23 1081 369 -2.29412
24 193 362 -88.681
26 641 632 -337.802
27 994 412 -301.766
28 1464 361 -122.443
29 1362 246 -96.3387
30 1667 718 -16.6426
31 669 289 -303.726
32 471 347 -6.38202
33 1138 461 -336.818
34 840 268 -326.609
36 843 437 -141.606
36 1042 482 -69.2234
37 149 664 -318.336
38 693 683 -233.164
40 1621 48 -2.97246
41 1229 202 -109.696
42 1379 443 -326.147
43 804 494 -283.333
44 1237 624 -188.794
46 322 478 -324.664
46 934 427 -196.431
47 724 641 -203.164
49 1182 680 -266.449
60 629 76 -238.069
61 63 317 -232.67
62 612 261 -120.332
63 1636 692 -340.198
64 1126 204 -226.288
66 161 267 -336.842
66 136 666 -268.099
67 779 337 -367.088
68 482 73 -216.697
69 848 366 -163.603
60 1619 687 -46.4441
61 1640 79 -320.368
62 1643 30 -63.4621
63 1632 626 -126.117
64 1214 160 -166.39
66 1617 636 -84.8461
66 1104 644 -86.4903
67 122 487 -246.3
68 473 668 -26.4187
70 138 176 -107.476
71 661 386 -186.778
72 1662 147 -238.847
74 1662 366 -124.801
76 196 142 -281.312
76 62 399 -72.8867
77 809 600 -367.787
79 1676 492 -319.021
80 487 738 -186.376
81 724 209 -180.12
82 467 291 -94.3316
83 1044 291 -222.88
84 1068 672 -111.16
86 1480 360 -216.623
86 894 609 -324.689
87 1499 469 -60.9877
88 430 609 -280.646
89 1243 80 -126.713
90 968 286 -260.663
91 1278 441 -367.277
92 662 322 -199.022
93 864 661 -86.296
96 1049 109 -168.084
96 1043 387 -72.9027
97 882 97 -269.864
98 1181 128 -241.934
99 763 280 -368.011
100 1632 213 -324.021
101 1336 692 -160.09
102 1449 700 -321.664
103 1494 496 -173.903
104 1167 729 -342.343
106 277 196 -231.721
106 1610 129 -209.14
107 1662 486 -282.418
108 76 731 -86.916
110 1691 602 -127.206
111 1397 192 -277.333
112 331 620 -331.42
113 69 237 -268.06
114 467 21 -194.066
116 271 388 -296.64
116 1136 696 -193.012
117 406 192 -293.766
121 808 662 -294.606
122 296 83 -327.106
124 343 647 -176.406
126 920 29 -97.684
126 470 134 -349.497
127 812 741 -233.236
128 1647 603 -191.6
129 876 721 -101.084
131 1646 743 -87.2732
132 237 226 -21.1028
133 910 284 -66.9344
134 666 447 -10.876
136 1031 621 -68.1826
136 726 40 -166.349
137 1632 404 -186.797
138 1680 469 -263.646
139 1626 733 -209.091
140 320 241 -296.216
141 408 46 -126.18
142 967 344 -291.794
143 1360 676 -21.4649
144 724 79 -330.743
146 1304 164 -279.644
146 330 269 -0.0339608
147 1412 127 -326.226
148 362 176 -264.996
149 604 680 -62.8781
160 416 603 -112.64
161 73 130 -86.6666
162 661 71 -280.187
164 209 693 -184.434
166 920 647 -318.628
166 649 224 -68.2491
167 1300 639 -269.668
169 343 42 -301.266
160 333 727 -222.622
161 644 449 -79.2701
162 34 716 -272.313
163 1306 624 -347.802
166 1439 662 -228.613
166 1678 280 -232.621
167 97 462 -172.209
168 1140 631 -106.771
169 969 663 -8.84692
170 260 138 -200.244
171 1669 36 -66.4434
172 964 111 -247.643
173 136 48 -8.92281
174 284 307 -316.097
176 464 413 -336.877
176 347 369 -67.626
178 17 347 -0.0803776
179 1686 146 -68.1626
180 677 744 -10.7899
181 366 669 -223.826
182 412 740 -77.7436
183 941 740 -167.094
184 1014 736 -164.96
186 136 108 -80.6723
187 479 211 -341.06
189 1471 117 -241.906
190 1341 74 -267.209
191 63 192 -299.466
192 1443 478 -126.679
193 628 216 -134.634
194 1604 416 -192.432
196 1308 731 -300.679
196 1460 63 -328.904
197 1489 168 -117.902
198 122 16 -360.697
199 1010 119 -86.3336
200 1236 631 -93.6036
201 1691 230 -68.0616
202 612 324 -90.8638
203 14 64 -72.3487
204 1071 746 -296.888
206 1360 613 -369.818
206 260 296 -214.163
207 866 129 -280.332
208 34 41 -266.629
209 261 690 -286.896
210 891 166 -64.4834
211 444 212 -348.363
212 864 26 -162.93
213 1473 312 -266.086
214 1684 627 -201.694
216 400 234 -123.91
216 964 229 -166.384
217 714 346 -160.046
218 639 28 -160.306
219 1660 344 -36.9001
220 696 330 -193.649
221 1034 204 -79.4636
222 1113 132 -229.237
223 1266 212 -43.1074
224 401 129 -19.6964
226 1233 472 -272.423
226 1408 87 -200.796
227 970 619 -313.146
228 26 477 -1.94296
229 1463 629 -83.7661
230 1473 211 -172.166
231 318 602 -361.66
232 1309 209 -108.19
233 1398 629 -264.43
234 361 643 -282.469
236 269 666 -246.472
237 73 666 -260.008
238 1274 716 -18.8813
239 1667 669 -139.128
240 1021 692 -162.416
241 34 466 -42.9082
242 1176 681 -69.4499
243 693 274 -279.613
244 1412 486 -216.016
246 308 18 -244.614
246 1073 463 -114.972
247 31 664 -264.198
248 1689 682 -214.116
249 1296 77 -342.823
260 913 677 -26.3946
261 1181 498 -263.626
262 847 170 -196.471
263 203 16 -80.6929
264 1664 212 -67.8478
266 300 173 -360.241
266 18 737 -20.288
267 973 146 -191.809
268 969 696 -68.9903
269 142 736 -188.862
260 1679 273 -360.663
261 14 262 -362.049
262 192 276 -66.6463
263 1340 143 -82.3748
264 678 20 -369.926
266 470 478 -338.032
267 1326 601 -6.92463
268 1463 639 -182.263
269 102 696 -121.27
270 1430 20 -291.297
271 1126 26 -96.1871
272 16 613 -264.692
273 1168 31 -6.19267
274 1326 22 -186.602
276 722 246 -249.698
276 1006 667 -137.314
277 236 272 -7.61947
278 370 602 -61.9233
279 293 132 -263.232
280 1176 68 -128.363
281 1633 400 -66.303
282 46 648 -298.123
283 1626 219 -124.986
284 69 86 -236.649
286 1369 746 -338.91
286 1394 676 -81.6082
287 991 208 -302.771
288 1474 669 -227.019
289 1411 744 -369.037
290 60 699 -236.893
291 1666 466 -47.6646
292 212 691 -160.602
293 368 746 -268.608
294 1290 123 -162.266
296 1068 243 -164.68
296 1179 610 -92.7691
297 1006 628 -116.87
298 387 98 -94.1866
299 1461 760 -124.666
300 1682 669 -177.227
301 931 608 -32.0932
302 1474 747 -342.71
303 1268 633 -339.426
304 1099 421 -234.442
306 1383 484 -122.296
307 17 674 -293.993
308 17 616 -119.6
309 916 189 -128.72
310 1426 669 -189.439
311 1216 18 -311.621
312 1664 306 -193.728
313 496 436 -198.063
314 96 641 -67.2076
316 947 192 -112.844
316 1199 649 -312.149
317 686 18 -346.839
318 946 166 -98.0246
319 636 13 -339.074
320 216 741 -177.386
321 1404 629 -330.283
322 1367 663 -100.642
323 1612 343 -123.463
324 1664 411 -121.638
326 1018 160 -116.119
326 1468 611 -111.996
